cam_model: Pinhole
cam_width: 640
cam_height: 512
cam_fx: 427.60538620434403
cam_fy: 428.6984999157446
cam_cx: 316.6045496448583
cam_cy: 250.72703083310193
cam_d0: -9.9687617367971411e-05
cam_d1: 6.1767363385297055e-04
cam_d2: -6.6522134251669349e-05
cam_d3: -9.9431523555328842e-05