cam_model: Pinhole
cam_width: 1280
cam_height: 1024
cam_fx: 855.21077240868806
cam_fy: 857.39699983148921
cam_cx: 633.20909928971662
cam_cy: 501.45406166620387
cam_d0: -9.9687617367971411e-05
cam_d1: 6.1767363385297055e-04
cam_d2: -6.6522134251669349e-05
cam_d3: -9.9431523555328842e-05